gej@raspberrypi(gej): ~/p1db $ ./checkdb.sh 
+----+------------+----------+------------+-------------+-------------+---------+---------+--------+-------------------+-----------------------+----------------+---------+
| ID | date       | time     | timestamp  | T1afgenomen | T2afgenomen | T1terug | T2terug | Tarief | Afgenomenvermogen | Teruggeleverdvermogen | Totaalvermogen | Gas     |
+----+------------+----------+------------+-------------+-------------+---------+---------+--------+-------------------+-----------------------+----------------+---------+
|  1 | 2015-12-31 | 15:44:00 | 1451573000 |        6149 |        1972 |    3023 |    7436 |      2 |               270 |                     0 |            270 | 3615757 |
|  2 | 2015-12-31 | 15:51:00 | 1451573400 |        6149 |        1972 |    3023 |    7436 |      2 |               440 |                     0 |            440 | 3615757 |
|  3 | 2015-12-31 | 15:52:00 | 1451573500 |        6149 |        1972 |    3023 |    7436 |      2 |               450 |                     0 |            450 | 3615757 |
|  4 | 2015-12-31 | 15:59:00 | 1451573900 |        6149 |        1972 |    3023 |    7436 |      2 |               450 |                     0 |            450 | 3615757 |
|  5 | 2015-12-31 | 16:07:00 | 1451574400 |        6149 |        1972 |    3023 |    7436 |      2 |               500 |                     0 |            500 | 3616027 |
|  6 | 2015-12-31 | 16:09:00 | 1451574500 |        6149 |        1972 |    3023 |    7436 |      2 |               640 |                     0 |            640 | 3616027 |
|  7 | 2015-12-31 | 17:04:00 | 1451577800 |        6149 |        1972 |    3023 |    7436 |      2 |               560 |                     0 |            560 | 3616027 |
|  8 | 2015-12-31 | 17:06:00 | 1451577900 |        6149 |        1972 |    3023 |    7436 |      2 |               670 |                     0 |            670 | 3616027 |
|  9 | 2015-12-31 | 17:07:00 | 1451578000 |        6149 |        1972 |    3023 |    7436 |      2 |               560 |                     0 |            560 | 3616027 |
| 10 | 2015-12-31 | 17:07:00 | 1451578000 |        6149 |        1972 |    3023 |    7436 |      2 |               670 |                     0 |            670 | 3616027 |
| 11 | 2015-12-31 | 17:11:00 | 1451578300 |        6149 |        1973 |    3023 |    7436 |      2 |               760 |                     0 |            760 | 3616027 |
| 12 | 2015-12-31 | 17:15:00 | 1451578500 |        6149 |        1973 |    3023 |    7436 |      2 |               670 |                     0 |            670 | 3616027 |
| 13 | 2015-12-31 | 17:16:00 | 1451578500 |        6149 |        1973 |    3023 |    7436 |      2 |               670 |                     0 |            670 | 3616027 |
| 14 | 2015-12-31 | 17:20:00 | 1451578800 |        6149 |        1973 |    3023 |    7436 |      2 |               670 |                     0 |            670 | 3616027 |
| 15 | 2015-12-31 | 17:22:00 | 1451578900 |        6149 |        1973 |    3023 |    7436 |      2 |               560 |                     0 |            560 | 3616027 |
| 16 | 2015-12-31 | 17:24:00 | 1451579000 |        6149 |        1973 |    3023 |    7436 |      2 |               660 |                     0 |            660 | 3616027 |
+----+------------+----------+------------+-------------+-------------+---------+---------+--------+-------------------+-----------------------+----------------+---------+
gej@raspberrypi(gej): ~/p1db $
